# Thu 17:03:11 08-Mar-2012
begin	trans3
	xrefmean	579.2623
	yrefmean	499.0238
	xmean		556.688
	ymean		507.143
	geometry	general
	function	chebyshev
	xshift		11.67843
	yshift		-9.174137
	xmag		0.9814499
	ymag		0.9827332
	xrotation	357.3339
	yrotation	357.3245
	xrms		0.08841943
	yrms		0.1402225
	surface1	11
			1.	1.
			2.	2.
			2.	2.
			0.	0.
			0.	0.
			1024.	1024.
			0.	0.
			1024.	1024.
			490.1497	516.8106
			501.9584	23.37384
			-23.48721	502.6109
	surface2	28
			1.	1.
			5.	3.
			4.	5.
			1.	1.
			0.	0.
			1024.	1024.
			0.	0.
			1024.	1024.
			-6.840724	-5.676991
			-36.74289	8.897828
			-9.685413	-3.041124
			-11.59553	-44.4097
			-2.627663	10.08124
			4.550256	-27.24864
			-85.59464	-6.836483
			-1.668113	12.22007
			-30.67838	-4.106679
			-7.167366	-14.12772
			-10.18136	4.341345
			-17.78012	-2.505781
			-13.60054	-2.868562
			0.7432063	5.049452
			-3.331172	-2.070427
			4.841641	0.
			-37.19517	0.
			3.239978	0.
			-13.46566	0.
			-1.721223	0.
