605.354	498.097	585.59 506.27
646.191	483.323	627.00 494.00
719.596	420.942	702.21 435.03
866.535	494.024	837.03 514.97
748.022	611.794	720.40 626.40
435.071	120.743	434.14 134.79
827.134	267.172	805.99 294.44
524.363	268.978	514.12 274.60
659.43	734.333	626.43 743.56
463.619	538.23	439.92 540.39
420.066	496.973	397.75 496.46
926.573	596.65	884.35 616.14
318.271	306.326	308.31 303.58
705.136	199.167	692.52 220.85
276.146	698.222	249.26 688.75
719.319	773.52	681.47 781.62
517.85	585.02	492.78 590.51
557.076	431.227	539.99 436.40
702.735	626.938	675.70 639.95
681.131	651.721	652.93 663.69
254.044	723.498	228.44 711.47
247.102	639.933	223.02 630.34
385.974	692.885	355.99 691.04
603.57	162.663	595.64 180.00
541.545	735.562	509.33 740.72
414.253	518.976	391.33 518.16
403.587 584.835 377.50 584.33
642.104 370.796 627.67 380.33
874.542 419.295 846.00 442.83
691.530 318.872 677.83 332.67 
