6879.0 -0.755434264589 -0.501889670702
2491.0 -4.04417716135 -3.73580103726
4853.0 -1.45775502608 -0.939936918649
5028.0 0.124282738319 0.135259424706
1713.0 -2.39215037624 -2.10890236559
6378.0 -0.148638971088 -0.00697390816735
5671.0 0.238747388905 0.444066725547
5267.0 -2.03347695993 -1.45858562467
2061.0 -1.76935515287 -4.06296240756
8781.0 -0.128361424919 0.141414480066
1165.0 -1.13651367389 -0.937601155538
1203.0 0.207801171979 0.223442140864
6510.0 0.255050381302 0.770464820906
5793.0 -0.334988468376 -0.27527395335
5193.0 0.0876103951716 0.439093762589
8353.0 0.232581519889 0.432323825325
5776.0 0.0906154042288 0.316028090521
4656.0 0.120082772296 0.0605695954786
1790.0 -1.04594658599 -0.503550614911
15.0 -0.591074198595 -0.379593325583
5469.0 -0.363752310763 -0.0743215421805
1457.0 -1.51936666175 -3.09848762708
5685.0 -0.0177448432484 0.0139874114941
5576.0 -0.142154526669 0.259026109323
7194.0 0.0838294217545 0.252670125348
4844.0 0.387368042712 0.156775786122
5953.0 -0.437636504216 -0.256639962507
7557.0 -1.74068149252 -1.78861724808
6165.0 0.179500653377 0.592538388092
6247.0 -0.180200960764 0.135867580991
472.0 -2.17269308233 -1.72317606761
1852.0 -0.392940793908 -0.168712630084
5944.0 0.23985391261 0.399031120775
1865.0 0.0356357216709 -0.0405792657396
3485.0 -0.670775312156 -0.394231219571
3685.0 -0.89541949531 -0.708371526443
7790.0 -0.722502363581 -0.282727678969
2004.0 -0.496822237975 0.0293414165
2827.0 -0.251740269212 0.035941490232
7121.0 -0.537300653102 -0.0213096218118
2326.0 -3.326742007 -3.33841889987
4757.0 0.0966678055065 -0.0154236942748
8728.0 -1.41051128722 -1.33129225144
2618.0 -1.23009475051 -0.801236081606
2693.0 -0.683566859032 -1.16856825004
1899.0 -0.776249965272 -0.299085467221
1956.0 -0.0475011147783 0.295446995089
5231.0 -0.209147050105 0.19737869309
5056.0 -1.62679421165 -1.11215504006
1903.0 -0.92167578208 -0.504497710183
4662.0 -0.0114404638531 0.0954753653829
3165.0 -0.465508206444 0.0845275773558
8425.0 -0.871528071252 -0.435648939445
6580.0 -0.156600280094 0.286613367183
6553.0 -0.63419917842 -0.924005978805
6556.0 -0.455296836625 -0.55698815961
6134.0 -1.36026663424 -3.57884155788
5340.0 -2.37728501316 -3.58643524419
2653.0 0.403881807507 0.495307126349
553.0 0.066761803879 0.19297781444
1910.0 0.172917815328 1.22065267957
1948.0 -1.05392837807 -0.649163070399
5132.0 -0.38686224629 0.0128574022847
4798.0 -0.110494945285 0.0526142304672
7001.0 -2.49130255455 -2.29082736476
1666.0 0.123778029684 0.240624215053
6175.0 0.0 0.0
4199.0 -0.617213733906 -0.295958832112
2282.0 0.23668745739 0.536757724183
5440.0 -0.246050486116 0.086567116644
2294.0 -0.703945952207 -0.0312380603102
4819.0 -0.621461774526 -0.582449471215
39.0 0.151661523919 0.665022092563